+x +x:
0 16 0 0 16 0 0 16 0 0 16 0 0 16 0 0 16 0 0 16 0 0 16 0 0 16 0 0 16 0 0 16 0 0 16 0 0 16 0 0 16 0 0 16 0 0 16 0 0 16 0 0 16 0 0 16 0 0 16 0 0 16 0 0 16 0 0 16 0 0 16 0 0 16 0 0 16 0 0 16 0 0 16 0 0 16 0 0 16 0 0 16 0 0 16 0 0 16 0 0 16 0 0 16 0 0 16 0 0 16 0 0 16 0 0 16 0 0 16 0 0 16 0 0 16 0 0 16 0 0 16 0 0 16 0 0 16 0 0 16 0 16 0 0 16 0 0 0 16 0 0 16 0 0 16 0 0 16 0 0 16 0 0 16 0 0 16 0 0 16 0 0 16 0 0 16 0 0 16 0 0 16 0 0 16 0 0 16 0 0 16 0 0 16 0 0 0 0 0 0 0 0 0 0 

+x -x:
0 16 0 0 16 0 0 16 0 0 16 0 0 16 0 0 16 0 0 16 0 0 16 0 0 16 0 0 16 0 0 16 0 0 16 0 0 16 0 0 16 0 0 16 0 0 16 0 0 16 0 0 16 0 0 16 0 0 16 0 0 16 0 0 16 0 0 16 0 0 16 0 0 16 0 0 16 0 0 16 0 0 16 0 0 16 0 0 16 0 0 16 0 0 16 0 0 16 0 0 16 0 0 16 0 0 16 0 0 16 0 0 16 0 0 16 0 0 16 0 0 16 0 0 16 0 0 16 0 0 16 0 0 16 0 0 16 0 0 16 0 16 0 0 -16 0 0 0 16 0 0 16 0 0 16 0 0 16 0 0 16 0 0 16 0 0 16 0 0 16 0 0 16 0 0 16 0 0 16 0 0 16 0 0 16 0 0 16 0 0 16 0 0 16 0 0 0 0 0 0 0 0 0 0 

-x +x:
0 16 0 0 16 0 0 16 0 0 16 0 0 16 0 0 16 0 0 16 0 0 16 0 0 16 0 0 16 0 0 16 0 0 16 0 0 16 0 0 16 0 0 16 0 0 16 0 0 16 0 0 16 0 0 16 0 0 16 0 0 16 0 0 16 0 0 16 0 0 16 0 0 16 0 0 16 0 0 16 0 0 16 0 0 16 0 0 16 0 0 16 0 0 16 0 0 16 0 0 16 0 0 16 0 0 16 0 0 16 0 0 16 0 0 16 0 0 16 0 0 16 0 0 16 0 0 16 0 0 16 0 0 16 0 0 16 0 0 16 0 -16 0 0 16 0 0 0 16 0 0 16 0 0 16 0 0 16 0 0 16 0 0 16 0 0 16 0 0 16 0 0 16 0 0 16 0 0 16 0 0 16 0 0 16 0 0 16 0 0 16 0 0 16 0 0 0 0 0 0 0 0 0 0 

-x -x:
0 16 0 0 16 0 0 16 0 0 16 0 0 16 0 0 16 0 0 16 0 0 16 0 0 16 0 0 16 0 0 16 0 0 16 0 0 16 0 0 16 0 0 16 0 0 16 0 0 16 0 0 16 0 0 16 0 0 16 0 0 16 0 0 16 0 0 16 0 0 16 0 0 16 0 0 16 0 0 16 0 0 16 0 0 16 0 0 16 0 0 16 0 0 16 0 0 16 0 0 16 0 0 16 0 0 16 0 0 16 0 0 16 0 0 16 0 0 16 0 0 16 0 0 16 0 0 16 0 0 16 0 0 16 0 0 16 0 0 16 0 -16 0 0 -16 0 0 0 16 0 0 16 0 0 16 0 0 16 0 0 16 0 0 16 0 0 16 0 0 16 0 0 16 0 0 16 0 0 16 0 0 16 0 0 16 0 0 16 0 0 16 0 0 16 0 0 0 0 0 0 0 0 0 0 

+x +y:
0 0 16 0 0 16 0 0 16 0 0 16 0 0 16 0 0 16 0 0 16 0 0 16 0 0 16 0 0 16 0 0 16 0 0 16 0 0 16 0 0 16 0 0 16 0 0 16 0 0 16 0 0 16 0 0 16 0 0 16 0 0 16 0 0 16 0 0 16 0 0 16 0 0 16 0 0 16 0 0 16 0 0 16 0 0 16 0 0 16 0 0 16 0 0 16 0 0 16 0 0 16 0 0 16 0 0 16 0 0 16 0 0 16 0 0 16 0 0 16 0 0 16 0 0 16 0 0 16 0 0 16 0 0 16 0 0 16 0 0 16 16 0 0 0 16 0 0 0 16 0 0 16 0 0 16 0 0 16 0 0 16 0 0 16 0 0 16 0 0 16 0 0 16 0 0 16 0 0 16 0 0 16 0 0 16 0 0 16 0 0 16 0 0 16 0 0 0 0 0 0 0 0 0 

+x -y:
0 0 16 0 0 16 0 0 16 0 0 16 0 0 16 0 0 16 0 0 16 0 0 16 0 0 16 0 0 16 0 0 16 0 0 16 0 0 16 0 0 16 0 0 16 0 0 16 0 0 16 0 0 16 0 0 16 0 0 16 0 0 16 0 0 16 0 0 16 0 0 16 0 0 16 0 0 16 0 0 16 0 0 16 0 0 16 0 0 16 0 0 16 0 0 16 0 0 16 0 0 16 0 0 16 0 0 16 0 0 16 0 0 16 0 0 16 0 0 16 0 0 16 0 0 16 0 0 16 0 0 16 0 0 16 0 0 16 0 0 16 16 0 0 0 -16 0 0 0 16 0 0 16 0 0 16 0 0 16 0 0 16 0 0 16 0 0 16 0 0 16 0 0 16 0 0 16 0 0 16 0 0 16 0 0 16 0 0 16 0 0 16 0 0 16 0 0 0 0 0 0 0 0 0 

-x +y:
0 0 16 0 0 16 0 0 16 0 0 16 0 0 16 0 0 16 0 0 16 0 0 16 0 0 16 0 0 16 0 0 16 0 0 16 0 0 16 0 0 16 0 0 16 0 0 16 0 0 16 0 0 16 0 0 16 0 0 16 0 0 16 0 0 16 0 0 16 0 0 16 0 0 16 0 0 16 0 0 16 0 0 16 0 0 16 0 0 16 0 0 16 0 0 16 0 0 16 0 0 16 0 0 16 0 0 16 0 0 16 0 0 16 0 0 16 0 0 16 0 0 16 0 0 16 0 0 16 0 0 16 0 0 16 0 0 16 0 0 16 -16 0 0 0 16 0 0 0 16 0 0 16 0 0 16 0 0 16 0 0 16 0 0 16 0 0 16 0 0 16 0 0 16 0 0 16 0 0 16 0 0 16 0 0 16 0 0 16 0 0 16 0 0 16 0 0 0 0 0 0 0 0 0 

-x -y:
0 0 16 0 0 16 0 0 16 0 0 16 0 0 16 0 0 16 0 0 16 0 0 16 0 0 16 0 0 16 0 0 16 0 0 16 0 0 16 0 0 16 0 0 16 0 0 16 0 0 16 0 0 16 0 0 16 0 0 16 0 0 16 0 0 16 0 0 16 0 0 16 0 0 16 0 0 16 0 0 16 0 0 16 0 0 16 0 0 16 0 0 16 0 0 16 0 0 16 0 0 16 0 0 16 0 0 16 0 0 16 0 0 16 0 0 16 0 0 16 0 0 16 0 0 16 0 0 16 0 0 16 0 0 16 0 0 16 0 0 16 -16 0 0 0 -16 0 0 0 16 0 0 16 0 0 16 0 0 16 0 0 16 0 0 16 0 0 16 0 0 16 0 0 16 0 0 16 0 0 16 0 0 16 0 0 16 0 0 16 0 0 16 0 0 16 0 0 0 0 0 0 0 0 0 

+x +z:
0 16 0 0 16 0 0 16 0 0 16 0 0 16 0 0 16 0 0 16 0 0 16 0 0 16 0 0 16 0 0 16 0 0 16 0 0 16 0 0 16 0 0 16 0 0 16 0 0 16 0 0 16 0 0 16 0 0 16 0 0 16 0 0 16 0 0 16 0 0 16 0 0 16 0 0 16 0 0 16 0 0 16 0 0 16 0 0 16 0 0 16 0 0 16 0 0 16 0 0 16 0 0 16 0 0 16 0 0 16 0 0 16 0 0 16 0 0 16 0 0 16 0 0 16 0 0 16 0 0 16 0 0 16 0 0 16 0 0 16 0 16 0 0 0 0 16 0 16 0 0 16 0 0 16 0 0 16 0 0 16 0 0 16 0 0 16 0 0 16 0 0 16 0 0 16 0 0 16 0 0 16 0 0 16 0 0 16 0 0 16 0 0 16 0 0 0 0 0 0 0 0 0 0 

+x -z:
0 16 0 0 16 0 0 16 0 0 16 0 0 16 0 0 16 0 0 16 0 0 16 0 0 16 0 0 16 0 0 16 0 0 16 0 0 16 0 0 16 0 0 16 0 0 16 0 0 16 0 0 16 0 0 16 0 0 16 0 0 16 0 0 16 0 0 16 0 0 16 0 0 16 0 0 16 0 0 16 0 0 16 0 0 16 0 0 16 0 0 16 0 0 16 0 0 16 0 0 16 0 0 16 0 0 16 0 0 16 0 0 16 0 0 16 0 0 16 0 0 16 0 0 16 0 0 16 0 0 16 0 0 16 0 0 16 0 0 16 0 16 0 0 0 0 -16 0 16 0 0 16 0 0 16 0 0 16 0 0 16 0 0 16 0 0 16 0 0 16 0 0 16 0 0 16 0 0 16 0 0 16 0 0 16 0 0 16 0 0 16 0 0 16 0 0 0 0 0 0 0 0 0 0 

-x +z:
0 16 0 0 16 0 0 16 0 0 16 0 0 16 0 0 16 0 0 16 0 0 16 0 0 16 0 0 16 0 0 16 0 0 16 0 0 16 0 0 16 0 0 16 0 0 16 0 0 16 0 0 16 0 0 16 0 0 16 0 0 16 0 0 16 0 0 16 0 0 16 0 0 16 0 0 16 0 0 16 0 0 16 0 0 16 0 0 16 0 0 16 0 0 16 0 0 16 0 0 16 0 0 16 0 0 16 0 0 16 0 0 16 0 0 16 0 0 16 0 0 16 0 0 16 0 0 16 0 0 16 0 0 16 0 0 16 0 0 16 0 -16 0 0 0 0 16 0 16 0 0 16 0 0 16 0 0 16 0 0 16 0 0 16 0 0 16 0 0 16 0 0 16 0 0 16 0 0 16 0 0 16 0 0 16 0 0 16 0 0 16 0 0 16 0 0 0 0 0 0 0 0 0 0 

-x -z:
0 16 0 0 16 0 0 16 0 0 16 0 0 16 0 0 16 0 0 16 0 0 16 0 0 16 0 0 16 0 0 16 0 0 16 0 0 16 0 0 16 0 0 16 0 0 16 0 0 16 0 0 16 0 0 16 0 0 16 0 0 16 0 0 16 0 0 16 0 0 16 0 0 16 0 0 16 0 0 16 0 0 16 0 0 16 0 0 16 0 0 16 0 0 16 0 0 16 0 0 16 0 0 16 0 0 16 0 0 16 0 0 16 0 0 16 0 0 16 0 0 16 0 0 16 0 0 16 0 0 16 0 0 16 0 0 16 0 0 16 0 -16 0 0 0 0 -16 0 16 0 0 16 0 0 16 0 0 16 0 0 16 0 0 16 0 0 16 0 0 16 0 0 16 0 0 16 0 0 16 0 0 16 0 0 16 0 0 16 0 0 16 0 0 16 0 0 0 0 0 0 0 0 0 0 

+y +y:
16 0 0 16 0 0 16 0 0 16 0 0 16 0 0 16 0 0 16 0 0 16 0 0 16 0 0 16 0 0 16 0 0 16 0 0 16 0 0 16 0 0 16 0 0 16 0 0 16 0 0 16 0 0 16 0 0 16 0 0 16 0 0 16 0 0 16 0 0 16 0 0 16 0 0 16 0 0 16 0 0 16 0 0 16 0 0 16 0 0 16 0 0 16 0 0 16 0 0 16 0 0 16 0 0 16 0 0 16 0 0 16 0 0 16 0 0 16 0 0 16 0 0 16 0 0 16 0 0 16 0 0 16 0 0 16 0 0 16 0 0 0 16 0 0 16 0 16 0 0 16 0 0 16 0 0 16 0 0 16 0 0 16 0 0 16 0 0 16 0 0 16 0 0 16 0 0 16 0 0 16 0 0 16 0 0 16 0 0 16 0 0 16 0 0 0 0 0 0 0 0 0 0 0 

+y -y:
16 0 0 16 0 0 16 0 0 16 0 0 16 0 0 16 0 0 16 0 0 16 0 0 16 0 0 16 0 0 16 0 0 16 0 0 16 0 0 16 0 0 16 0 0 16 0 0 16 0 0 16 0 0 16 0 0 16 0 0 16 0 0 16 0 0 16 0 0 16 0 0 16 0 0 16 0 0 16 0 0 16 0 0 16 0 0 16 0 0 16 0 0 16 0 0 16 0 0 16 0 0 16 0 0 16 0 0 16 0 0 16 0 0 16 0 0 16 0 0 16 0 0 16 0 0 16 0 0 16 0 0 16 0 0 16 0 0 16 0 0 0 16 0 0 -16 0 16 0 0 16 0 0 16 0 0 16 0 0 16 0 0 16 0 0 16 0 0 16 0 0 16 0 0 16 0 0 16 0 0 16 0 0 16 0 0 16 0 0 16 0 0 16 0 0 0 0 0 0 0 0 0 0 0 

-y +y:
16 0 0 16 0 0 16 0 0 16 0 0 16 0 0 16 0 0 16 0 0 16 0 0 16 0 0 16 0 0 16 0 0 16 0 0 16 0 0 16 0 0 16 0 0 16 0 0 16 0 0 16 0 0 16 0 0 16 0 0 16 0 0 16 0 0 16 0 0 16 0 0 16 0 0 16 0 0 16 0 0 16 0 0 16 0 0 16 0 0 16 0 0 16 0 0 16 0 0 16 0 0 16 0 0 16 0 0 16 0 0 16 0 0 16 0 0 16 0 0 16 0 0 16 0 0 16 0 0 16 0 0 16 0 0 16 0 0 16 0 0 0 -16 0 0 16 0 16 0 0 16 0 0 16 0 0 16 0 0 16 0 0 16 0 0 16 0 0 16 0 0 16 0 0 16 0 0 16 0 0 16 0 0 16 0 0 16 0 0 16 0 0 16 0 0 0 0 0 0 0 0 0 0 0 

-y -y:
16 0 0 16 0 0 16 0 0 16 0 0 16 0 0 16 0 0 16 0 0 16 0 0 16 0 0 16 0 0 16 0 0 16 0 0 16 0 0 16 0 0 16 0 0 16 0 0 16 0 0 16 0 0 16 0 0 16 0 0 16 0 0 16 0 0 16 0 0 16 0 0 16 0 0 16 0 0 16 0 0 16 0 0 16 0 0 16 0 0 16 0 0 16 0 0 16 0 0 16 0 0 16 0 0 16 0 0 16 0 0 16 0 0 16 0 0 16 0 0 16 0 0 16 0 0 16 0 0 16 0 0 16 0 0 16 0 0 16 0 0 0 -16 0 0 -16 0 16 0 0 16 0 0 16 0 0 16 0 0 16 0 0 16 0 0 16 0 0 16 0 0 16 0 0 16 0 0 16 0 0 16 0 0 16 0 0 16 0 0 16 0 0 16 0 0 0 0 0 0 0 0 0 0 0 

+y +z:
16 0 0 16 0 0 16 0 0 16 0 0 16 0 0 16 0 0 16 0 0 16 0 0 16 0 0 16 0 0 16 0 0 16 0 0 16 0 0 16 0 0 16 0 0 16 0 0 16 0 0 16 0 0 16 0 0 16 0 0 16 0 0 16 0 0 16 0 0 16 0 0 16 0 0 16 0 0 16 0 0 16 0 0 16 0 0 16 0 0 16 0 0 16 0 0 16 0 0 16 0 0 16 0 0 16 0 0 16 0 0 16 0 0 16 0 0 16 0 0 16 0 0 16 0 0 16 0 0 16 0 0 16 0 0 16 0 0 16 0 0 0 16 0 0 0 16 16 0 0 16 0 0 16 0 0 16 0 0 16 0 0 16 0 0 16 0 0 16 0 0 16 0 0 16 0 0 16 0 0 16 0 0 16 0 0 16 0 0 16 0 0 16 0 0 0 0 0 0 0 0 0 0 0 

+y -z:
16 0 0 16 0 0 16 0 0 16 0 0 16 0 0 16 0 0 16 0 0 16 0 0 16 0 0 16 0 0 16 0 0 16 0 0 16 0 0 16 0 0 16 0 0 16 0 0 16 0 0 16 0 0 16 0 0 16 0 0 16 0 0 16 0 0 16 0 0 16 0 0 16 0 0 16 0 0 16 0 0 16 0 0 16 0 0 16 0 0 16 0 0 16 0 0 16 0 0 16 0 0 16 0 0 16 0 0 16 0 0 16 0 0 16 0 0 16 0 0 16 0 0 16 0 0 16 0 0 16 0 0 16 0 0 16 0 0 16 0 0 0 16 0 0 0 -16 16 0 0 16 0 0 16 0 0 16 0 0 16 0 0 16 0 0 16 0 0 16 0 0 16 0 0 16 0 0 16 0 0 16 0 0 16 0 0 16 0 0 16 0 0 16 0 0 0 0 0 0 0 0 0 0 0 

-y +z:
16 0 0 16 0 0 16 0 0 16 0 0 16 0 0 16 0 0 16 0 0 16 0 0 16 0 0 16 0 0 16 0 0 16 0 0 16 0 0 16 0 0 16 0 0 16 0 0 16 0 0 16 0 0 16 0 0 16 0 0 16 0 0 16 0 0 16 0 0 16 0 0 16 0 0 16 0 0 16 0 0 16 0 0 16 0 0 16 0 0 16 0 0 16 0 0 16 0 0 16 0 0 16 0 0 16 0 0 16 0 0 16 0 0 16 0 0 16 0 0 16 0 0 16 0 0 16 0 0 16 0 0 16 0 0 16 0 0 16 0 0 0 -16 0 0 0 16 16 0 0 16 0 0 16 0 0 16 0 0 16 0 0 16 0 0 16 0 0 16 0 0 16 0 0 16 0 0 16 0 0 16 0 0 16 0 0 16 0 0 16 0 0 16 0 0 0 0 0 0 0 0 0 0 0 

-y -z:
16 0 0 16 0 0 16 0 0 16 0 0 16 0 0 16 0 0 16 0 0 16 0 0 16 0 0 16 0 0 16 0 0 16 0 0 16 0 0 16 0 0 16 0 0 16 0 0 16 0 0 16 0 0 16 0 0 16 0 0 16 0 0 16 0 0 16 0 0 16 0 0 16 0 0 16 0 0 16 0 0 16 0 0 16 0 0 16 0 0 16 0 0 16 0 0 16 0 0 16 0 0 16 0 0 16 0 0 16 0 0 16 0 0 16 0 0 16 0 0 16 0 0 16 0 0 16 0 0 16 0 0 16 0 0 16 0 0 16 0 0 0 -16 0 0 0 -16 16 0 0 16 0 0 16 0 0 16 0 0 16 0 0 16 0 0 16 0 0 16 0 0 16 0 0 16 0 0 16 0 0 16 0 0 16 0 0 16 0 0 16 0 0 16 0 0 0 0 0 0 0 0 0 0 0 

+z +z:
16 0 0 16 0 0 16 0 0 16 0 0 16 0 0 16 0 0 16 0 0 16 0 0 16 0 0 16 0 0 16 0 0 16 0 0 16 0 0 16 0 0 16 0 0 16 0 0 16 0 0 16 0 0 16 0 0 16 0 0 16 0 0 16 0 0 16 0 0 16 0 0 16 0 0 16 0 0 16 0 0 16 0 0 16 0 0 16 0 0 16 0 0 16 0 0 16 0 0 16 0 0 16 0 0 16 0 0 16 0 0 16 0 0 16 0 0 16 0 0 16 0 0 16 0 0 16 0 0 16 0 0 16 0 0 16 0 0 16 0 0 0 0 16 0 0 16 16 0 0 16 0 0 16 0 0 16 0 0 16 0 0 16 0 0 16 0 0 16 0 0 16 0 0 16 0 0 16 0 0 16 0 0 16 0 0 16 0 0 16 0 0 16 0 0 0 0 0 0 0 0 0 0 0 

+z -z:
16 0 0 16 0 0 16 0 0 16 0 0 16 0 0 16 0 0 16 0 0 16 0 0 16 0 0 16 0 0 16 0 0 16 0 0 16 0 0 16 0 0 16 0 0 16 0 0 16 0 0 16 0 0 16 0 0 16 0 0 16 0 0 16 0 0 16 0 0 16 0 0 16 0 0 16 0 0 16 0 0 16 0 0 16 0 0 16 0 0 16 0 0 16 0 0 16 0 0 16 0 0 16 0 0 16 0 0 16 0 0 16 0 0 16 0 0 16 0 0 16 0 0 16 0 0 16 0 0 16 0 0 16 0 0 16 0 0 16 0 0 0 0 16 0 0 -16 16 0 0 16 0 0 16 0 0 16 0 0 16 0 0 16 0 0 16 0 0 16 0 0 16 0 0 16 0 0 16 0 0 16 0 0 16 0 0 16 0 0 16 0 0 16 0 0 0 0 0 0 0 0 0 0 0 

-z +z:
16 0 0 16 0 0 16 0 0 16 0 0 16 0 0 16 0 0 16 0 0 16 0 0 16 0 0 16 0 0 16 0 0 16 0 0 16 0 0 16 0 0 16 0 0 16 0 0 16 0 0 16 0 0 16 0 0 16 0 0 16 0 0 16 0 0 16 0 0 16 0 0 16 0 0 16 0 0 16 0 0 16 0 0 16 0 0 16 0 0 16 0 0 16 0 0 16 0 0 16 0 0 16 0 0 16 0 0 16 0 0 16 0 0 16 0 0 16 0 0 16 0 0 16 0 0 16 0 0 16 0 0 16 0 0 16 0 0 16 0 0 0 0 -16 0 0 16 16 0 0 16 0 0 16 0 0 16 0 0 16 0 0 16 0 0 16 0 0 16 0 0 16 0 0 16 0 0 16 0 0 16 0 0 16 0 0 16 0 0 16 0 0 16 0 0 0 0 0 0 0 0 0 0 0 

-z -z:
16 0 0 16 0 0 16 0 0 16 0 0 16 0 0 16 0 0 16 0 0 16 0 0 16 0 0 16 0 0 16 0 0 16 0 0 16 0 0 16 0 0 16 0 0 16 0 0 16 0 0 16 0 0 16 0 0 16 0 0 16 0 0 16 0 0 16 0 0 16 0 0 16 0 0 16 0 0 16 0 0 16 0 0 16 0 0 16 0 0 16 0 0 16 0 0 16 0 0 16 0 0 16 0 0 16 0 0 16 0 0 16 0 0 16 0 0 16 0 0 16 0 0 16 0 0 16 0 0 16 0 0 16 0 0 16 0 0 16 0 0 0 0 -16 0 0 -16 16 0 0 16 0 0 16 0 0 16 0 0 16 0 0 16 0 0 16 0 0 16 0 0 16 0 0 16 0 0 16 0 0 16 0 0 16 0 0 16 0 0 16 0 0 16 0 0 0 0 0 0 0 0 0 0 0 

